0 6 0 13 0 0 0 11 15 0 0 10 0 0 5 0
0 0 14 0 0 0 7 0 0 0 0 5 0 0 16 0
0 3 5 0 0 0 0 4 0 1 0 2 9 0 0 7
1 0 0 11 12 0 0 0 0 0 0 6 0 0 10 0
0 0 0 0 3 0 0 5 7 0 0 9 0 14 0 0
0 0 0 0 0 14 0 0 0 0 11 0 0 7 0 13
0 0 0 0 2 0 0 16 0 0 15 0 5 12 0 0
10 0 0 0 0 9 0 0 12 0 3 0 16 1 0 2
13 7 9 6 11 16 0 0 0 0 4 0 0 0 0 8
0 16 0 2 8 0 12 0 0 0 0 0 0 0 0 0
0 5 0 0 0 10 0 0 2 11 1 16 13 0 0 0
15 0 0 10 0 0 0 0 5 3 0 12 2 0 1 11
0 13 0 0 0 0 2 0 0 14 0 0 12 0 0 0
0 0 0 0 0 13 0 9 8 0 5 0 1 0 0 0
0 11 0 0 0 8 3 0 9 7 0 0 0 0 15 10
0 0 0 12 10 0 15 0 1 0 0 11 0 0 0 6
